
===== Study 1: OLS AR(1) bias at this workspace's window lengths =====
seed=81000  estimator=ols_ar1 (with intercept)

      T    phi  E[phi_hat]      bias  -(1+3phi)/T       sd  |bias|/sd  bias after
                                                                          Kendall
     13  -0.40     -0.3999   +0.0001      +0.0154   0.2515      0.000     -0.0184
     13  -0.20     -0.2393   -0.0393      -0.0308   0.2608      0.151     -0.0108
     13  +0.00     -0.0855   -0.0855      -0.0769   0.2710      0.316     -0.0114
     13  +0.20     +0.0695   -0.1305      -0.1231   0.2749      0.475     -0.0103
     13  +0.40     +0.2278   -0.1722      -0.1692   0.2749      0.626     -0.0073
     13  +0.60     +0.3767   -0.2233      -0.2154   0.2730      0.818     -0.0242
     13  +0.80     +0.5157   -0.2843      -0.2615   0.2728      1.042     -0.0740

     30  -0.40     -0.3966   +0.0034      +0.0067   0.1645      0.021     -0.0036
     30  -0.20     -0.2141   -0.0141      -0.0133   0.1768      0.080     -0.0008
     30  +0.00     -0.0329   -0.0329      -0.0333   0.1787      0.184     +0.0005
     30  +0.20     +0.1472   -0.0528      -0.0533   0.1797      0.294     +0.0006
     30  +0.40     +0.3250   -0.0750      -0.0733   0.1755      0.427     -0.0018
     30  +0.60     +0.5045   -0.0955      -0.0933   0.1634      0.585     -0.0024
     30  +0.80     +0.6783   -0.1217      -0.1133   0.1482      0.821     -0.0118

     46  -0.40     -0.3964   +0.0036      +0.0043   0.1334      0.027     -0.0007
     46  -0.20     -0.2107   -0.0107      -0.0087   0.1418      0.075     -0.0021
     46  +0.00     -0.0240   -0.0240      -0.0217   0.1464      0.164     -0.0024
     46  +0.20     +0.1635   -0.0365      -0.0348   0.1450      0.252     -0.0019
     46  +0.40     +0.3513   -0.0487      -0.0478   0.1394      0.349     -0.0009
     46  +0.60     +0.5385   -0.0615      -0.0609   0.1279      0.481     -0.0007
     46  +0.80     +0.7209   -0.0791      -0.0739   0.1109      0.714     -0.0058

     90  -0.40     -0.3973   +0.0027      +0.0022   0.0959      0.028     +0.0005
     90  -0.20     -0.2051   -0.0051      -0.0044   0.1022      0.050     -0.0007
     90  +0.00     -0.0112   -0.0112      -0.0111   0.1045      0.107     -0.0001
     90  +0.20     +0.1823   -0.0177      -0.0178   0.1030      0.172     +0.0001
     90  +0.40     +0.3753   -0.0247      -0.0244   0.0985      0.251     -0.0003
     90  +0.60     +0.5687   -0.0313      -0.0311   0.0882      0.355     -0.0002
     90  +0.80     +0.7607   -0.0393      -0.0378   0.0722      0.544     -0.0016

    390  -0.40     -0.3988   +0.0012      +0.0005   0.0461      0.027     +0.0007
    390  -0.20     -0.2009   -0.0009      -0.0010   0.0492      0.018     +0.0001
    390  +0.00     -0.0022   -0.0022      -0.0026   0.0504      0.044     +0.0003
    390  +0.20     +0.1959   -0.0041      -0.0041   0.0497      0.082     +0.0000
    390  +0.40     +0.3944   -0.0056      -0.0056   0.0469      0.120     +0.0000
    390  +0.60     +0.5926   -0.0074      -0.0072   0.0409      0.181     -0.0002
    390  +0.80     +0.7913   -0.0087      -0.0087   0.0316      0.276     +0.0000

   3710  -0.40     -0.3998   +0.0002      +0.0001   0.0149      0.013     +0.0001
   3710  -0.20     -0.2002   -0.0002      -0.0001   0.0160      0.016     -0.0001
   3710  +0.00     -0.0006   -0.0006      -0.0003   0.0164      0.034     -0.0003
   3710  +0.20     +0.1996   -0.0004      -0.0004   0.0161      0.022     +0.0001
   3710  +0.40     +0.3992   -0.0008      -0.0006   0.0149      0.051     -0.0002
   3710  +0.60     +0.5993   -0.0007      -0.0008   0.0134      0.056     +0.0000
   3710  +0.80     +0.7991   -0.0009      -0.0009   0.0098      0.093     +0.0000

  44516  -0.40     -0.3999   +0.0001      +0.0000   0.0043      0.017     +0.0001
  44516  -0.20     -0.1998   +0.0002      -0.0000   0.0049      0.039     +0.0002
  44516  +0.00     +0.0002   +0.0002      -0.0000   0.0048      0.051     +0.0003
  44516  +0.20     +0.2000   -0.0000      -0.0000   0.0049      0.003     +0.0000
  44516  +0.40     +0.4001   +0.0001      -0.0000   0.0042      0.020     +0.0001
  44516  +0.60     +0.5998   -0.0002      -0.0001   0.0037      0.043     -0.0001
  44516  +0.80     +0.8000   -0.0000      -0.0001   0.0028      0.016     +0.0000

----- the differential across the Hurst gate's own window range -----
The gate's window grows 30 -> 390 bars within a single session, so a feature
with a CONSTANT true phi still drifts by this much from estimator bias alone:
   phi   bias@T=30   bias@T=390     drift   sd@T=30   sd@T=390
 -0.40     +0.0034      +0.0012   -0.0022    0.1645     0.0461
 -0.20     -0.0141      -0.0009   +0.0132    0.1768     0.0492
 +0.00     -0.0329      -0.0022   +0.0306    0.1787     0.0504
 +0.20     -0.0528      -0.0041   +0.0487    0.1797     0.0497
 +0.40     -0.0750      -0.0056   +0.0694    0.1755     0.0469
 +0.60     -0.0955      -0.0074   +0.0881    0.1634     0.0409
 +0.80     -0.1217      -0.0087   +0.1130    0.1482     0.0316

----- exposure of the predicted-NULL cells -----
  T= 44516  vei_exploration AC1 (pooled pairs): max |bias| over phi = 0.00025
  T=  3710  a per-session statistic over the sample: max |bias| over phi = 0.00091

artifacts -> C:\Users\VuDoa\Research\futures\nq\estimator_bias\artifacts\runs\EXP-0001
